609
256
306
926
195
638
100
133
183
639
890
753
176
123
951
488
353
856
845
563
682
160
541
717
291
30
535
867
274
868
654
235
124
960
161
671
951
262
804
134
253
694
240
781
817
191
269
522
399
114
438
434
626
979
151
918
361
38
137
635
906
792
871
382
104
384
405
55
646
209
542
251
256
782
32
425
973
654
300
725
768
738
159
747
717
662
17
78
701
154
65
959
298
288
694
755
673
99
810
671
661
704
923
269
486
955
694
812
961
346
537
730
84
48
829
153
62
846
583
115
352
649
427
651
937
121
406
610
572
568
634
585
273
557
206
111
864
253
923
826
599
460
908
684
860
737
189
923
583
773
38
935
774
465
938
711
938
696
674
863
265
308
448
890
217
655
1
81
908
925
259
859
737
167
543
598
256
85
521
191
858
911
479
632
377
417
695
315
114
369
178
731
29
979
973
598
986
974
680
246
251
291
105
341
811
1
939
67
86
812
611
944
723
90
928
100
507
623
768
973
345
298
56
374
277
29
325
615
356
5
861
607
648
967
948
459
968
239
879
406
403
490
350
127
580
278
579
439
253
699
413
598
998
821
325
627
851
650
243
207
7
104
814
655
423
115
467
391
706
346
797
110
836
499
589
416
129
520
207
383
572
972
333
570
794
10
549
645
660
792
852
19
249
18
27
672
485
494
416
544
840
565
6
28
65
595
796
546
467
3
281
39
976
615
961
770
625
511
767
638
655
619
657
904
989
36
577
827
530
345
371
722
910
377
750
975
324
546
874
791
550
155
183
878
122
496
0
100
359
767
738
15
738
747
271
727
784
200
554
666
545
925
389
456
654
139
783
978
38
657
122
588
165
305
818
287
153
818
739
513
937
829
880
675
929
503
402
713
704
309
731
601
586
120
57
241
612
193
219
650
202
693
590
367
350
408
7
504
578
746
369
515
928
249
190
857
752
944
922
808
253
653
410
192
774
819
785
386
364
356
388
567
50
978
286
400
386
645
904
316
744
625
831
672
874
373
529
979
317
451
787
923
104
549
467
230
369
252
968
733
608
356
652
658
334
291
59
72
936
315
388
680
941
571
352
167
944
233
498
614
684
638
889
141
187
356
723
908
608
692
994
216
400
646
227
87
937
638
511
226
305
252
906
598
823
611
766
120
844
616
734
881
254
975
374
442
331
97
702
291
141
696
859
894
695
86
981
984
724
844
562
30
96
469
628
920
432
746
392
628
363
478
861
617
453
235
411
784
685
466
75
178
162
934
72
209
373
405
546
97
250
108
479
698
929
460
970
361
206
362
342
921
840
203
891
293
791
302
429
476
768
856
6
283
143
79
844
516
836
390
965
438
851
445
137
780
257
107
494
463
822
188
385
662
391
276
308
534
930
737
362
51
946
369
334
89
800
178
605
636
921
922
427
772
719
564
904
976
23
750
440
845
938
177
860
682
805
168
216
87
257
579
138
203
948
824
644
748
355
601
736
276
524
163
400
243
79
656
220
455
407
12
652
345
541
864
27
346
32
596
785
642
175
924
197
475
748
842
575
103
795
311
731
319
827
483
915
258
140
487
713
547
499
718
244
40
582
624
738
967
220
523
609
747
799
158
222
548
352
797
3
148
460
735
819
287
570
734
546
710
221
611
609
72
329
206
464
912
830
554
879
402
430
840
149
229
998
371
129
703
168
133
851
628
220
670
268
790
757
166
853
330
777
814
403
459
20
219
723
850
774
602
604
204
794
753
785
792
124
915
495
644
400
698
625
620
721
245
762
478
411
967
160
540
782
563
351
802
135
74
5
909
676
609
465
470
363
250
615
839
517
462
484
917
161
461
889
234
706
4
712
117
971
872
9
753
788
361
908
275
435
913
184
464
874
1
286
237
603
901
429
121
716
913
390
229
374
280
463
432
636
527
549
607
399
910
713
539
271
973
814
59
886
350
523
112
703
809
350
307
63
131
780
131
44
170
360
770
802
823
202
438
350
103
398
101
13
111
993
637
84
807
696
322
510
571
434
213
732
136
520
147
267
652
278
663
823
638
785
625
813
339
416
515
442
814
617
808
925
610
797
361
769
845
35
631
416
469
845
148
958
717
296
577
370
926
241
545
917
378
522
730
718
938
598
160
752
567
320
29
529
117
742
298
962
777
282
730
599
127
879
909
196
527
486
918
805
79
463
722
458
986
805
176
276
755
688
29
322
9
410
851
478
153
149
793
930
783
523
881
262
754
790
459
633
277
377
791
356
193
513
166
531
670
342
807
425
383
836
747
