441
276
597
441
880
572
525
213
18
940
639
309
439
118
253
910
980
805
971
195
794
932
547
592
150
687
378
640
763
228
845
94
8
797
488
382
660
611
414
915
598
843
448
658
373
884
558
972
283
548
131
228
996
157
473
996
234
421
591
390
253
527
193
291
35
909
19
625
120
359
947
510
953
508
10
294
585
589
740
963
461
19
573
959
196
525
958
730
366
903
935
510
154
365
318
492
456
581
859
258
983
988
533
590
937
656
897
539
456
623
675
270
48
193
724
206
330
692
296
462
148
643
450
546
637
430
60
731
263
513
612
833
683
934
785
234
553
572
356
694
713
891
529
585
393
275
182
921
157
590
580
585
817
70
492
199
693
760
6
641
882
421
123
431
955
412
692
536
76
743
964
24
541
132
671
942
319
869
763
510
158
223
894
668
226
354
200
387
125
662
479
213
241
695
393
862
186
101
949
601
996
502
20
517
567
42
880
842
730
741
395
548
454
873
911
611
878
476
928
323
656
664
71
904
32
913
583
512
13
507
952
489
288
142
152
909
228
696
321
952
650
709
366
382
214
238
404
12
538
33
155
110
680
26
209
566
661
719
623
342
675
498
950
628
478
31
654
474
21
767
824
898
207
141
413
140
82
998
167
238
900
277
369
361
129
303
256
708
393
568
907
519
625
524
855
167
46
213
36
95
120
56
935
622
64
568
160
626
90
304
843
703
834
899
416
334
980
457
643
597
182
833
604
203
892
2
218
804
631
992
307
93
888
810
256
843
780
906
406
610
594
692
165
855
687
46
831
88
879
16
543
681
703
770
45
972
692
382
859
560
560
10
470
333
755
353
576
78
626
798
760
17
697
924
105
368
154
82
635
160
409
787
579
851
61
856
728
391
805
391
661
10
189
309
749
95
978
504
277
765
327
563
122
507
688
256
438
42
224
578
110
258
470
625
60
36
707
982
405
231
193
949
24
479
566
888
36
219
787
315
533
952
262
265
511
951
978
630
211
910
675
53
40
480
303
742
263
623
34
13
774
829
380
259
479
685
901
236
53
16
399
588
792
78
592
385
746
299
42
291
622
51
656
940
929
543
631
75
239
216
168
208
273
91
85
582
958
346
367
370
751
447
419
708
40
332
834
620
468
349
867
334
814
612
815
301
692
540
439
200
664
222
454
12
456
641
605
173
231
244
698
846
419
78
115
273
355
94
381
284
14
901
401
670
74
537
513
773
319
712
874
304
221
775
125
697
489
618
456
910
998
241
123
264
23
299
78
21
243
961
456
824
635
814
506
926
947
497
586
257
8
744
782
696
11
484
673
382
222
611
766
85
144
753
104
768
261
312
752
561
260
850
11
957
568
451
916
762
753
538
189
843
272
71
366
381
514
521
402
902
371
244
920
876
652
191
393
22
850
396
351
409
421
689
69
911
448
26
701
123
23
928
196
473
524
717
478
176
571
533
677
54
297
902
968
995
679
842
908
183
528
929
652
814
890
184
3
284
573
339
729
906
341
711
671
845
626
142
41
881
905
898
365
691
881
104
270
14
289
721
922
358
280
695
164
892
458
173
262
16
512
405
639
567
91
472
903
50
916
615
93
2
683
797
967
195
990
20
915
860
346
875
72
54
289
943
181
565
308
60
31
970
569
486
811
135
625
808
512
454
207
603
971
518
608
631
935
801
55
631
375
994
72
642
682
111
109
735
211
789
561
827
342
638
584
7
846
174
331
3
115
311
260
682
112
207
43
265
694
291
233
33
930
757
761
372
901
625
559
43
283
594
107
139
116
442
590
874
47
149
118
412
63
624
224
469
988
20
679
605
842
548
674
391
331
402
153
99
163
360
841
135
637
416
228
19
656
168
813
682
403
734
809
56
744
731
555
64
676
1
231
6
47
477
383
32
230
293
969
675
456
150
380
715
287
238
497
612
73
995
519
321
577
537
939
915
950
143
906
527
546
266
670
12
137
784
183
182
857
781
107
861
912
786
888
341
968
25
470
527
161
654
218
473
403
756
474
438
810
111
486
862
582
525
497
928
879
124
270
852
453
264
998
868
216
892
148
612
959
963
657
267
208
186
700
510
379
255
933
751
797
435
397
24
840
660
538
729
949
107
870
366
952
911
622
868
323
290
25
621
289
0
282
235
250
824
432
275
668
571
416
82
290
9
441
448
521
853
792
791
596
672
493
34
428
571
680
946
1
355
194
181
814
180
326
822
266
482
797
269
105
345
55
879
211
608
898
596
180
764
799
965
495
317
284
467
785
352
437
24
